0.054100 118
23.945396 1
0.170060 1
0.120230 1
0.084644 1
0.110054 1
0.116050 1
0.393296 1
0.073722 1
0.213040 1
0.136043 1
0.416293 1
0.161632 11
0.010823 118
2.430177 1
0.223959 1
0.144938 1
0.131071 1
0.124028 1
0.229968 1
0.190143 1
0.101990 1
0.218389 4
0.618464 11
0.019999 118
1.686037 1
0.057035 1
0.167124 11
0.010389 244
0.000523 8
0.000068 110
5.492651 1
0.147130 1
0.069883 1
0.092410 1
0.166687 1
0.547373 1
0.135798 1
0.131850 1
0.542978 1
0.225372 5
1.814861 4
0.168035 2
1.437985 4
0.163748 4
0.150020 4
0.147052 4
0.146016 4
0.159968 4
0.126934 4
0.143910 4
0.146974 4
0.159065 4
0.168156 4
0.174912 4
0.944347 1
0.693661 1
0.055053 1
0.090794 1
0.090190 1
0.145979 1
0.134188 1
0.127920 1
0.444854 1
0.153265 1
1.251719 1
0.184143 1
0.000145 4
4.127703 1
0.111878 1
0.080125 1
0.075026 1
0.096800 2
0.000212 9
0.014753 8
0.000232 110
18.495886 1
0.207006 1
0.121813 1
0.170013 1
2.291902 2
0.000359 9
0.000076 6
